1725808200110 0.0001 0
1725808200816 0.0895 2
1725808201411 0.1913 4
1725808202018 0.2943 6
1725808202622 0.3981 8
1725808203181 0.502 10
1725808203791 0.6065 12
1725808204436 0.7108 14
1725808205047 0.8155 16
1725808205660 0.9202 18
1725808206065 0.001 0
1725808206652 0.1063 3
1725808207200 0.2116 6
1725808207768 0.3167 9
1725808208431 0.422 12
1725808209070 0.5272 15
1725808209648 0.6324 18
1725808210264 0.7375 21
1725808210817 0.8427 24
1725808211392 0.9478 27
1725808211765 0.001 0
1725808212391 0.1065 4
1725808212996 0.2122 8
1725808213597 0.3181 12
1725808214228 0.4239 16
1725808214885 0.5295 20
1725808215533 0.6352 24
1725808216257 0.7409 28
1725808216961 0.8468 32
1725808217612 0.9524 36
1725808218010 0.001 0
1725808218682 0.1069 5
1725808219317 0.2128 10
1725808219877 0.3191 15
1725808220509 0.4252 20
1725808221161 0.5311 25
1725808221743 0.637 30
1725808222314 0.7426 35
1725808222878 0.8485 40
1725808223409 0.9545 45
1725808223776 0.001 0
1725808224372 0.107 6
1725808224979 0.213 12
1725808225514 0.3193 18
1725808226081 0.4253 24
1725808226661 0.5314 30
1725808227267 0.6375 36
1725808227821 0.7431 42
1725808228480 0.8492 48
1725808229130 0.9549 54
1725808229483 0.001 0
1725808230048 0.1074 7
1725808230638 0.2138 14
1725808231179 0.3202 21
1725808231732 0.4265 28
1725808232332 0.5329 35
1725808232956 0.6391 42
1725808233524 0.7452 49
1725808234099 0.8513 56
1725808234663 0.9574 63
1725808235000 0.0011 0
1725808235573 0.1071 8
1725808236141 0.2134 16
1725808236768 0.3196 24
1725808237328 0.426 32
1725808237874 0.5323 40
1725808238422 0.6387 48
1725808239016 0.7448 56
1725808239556 0.851 64
1725808240131 0.9573 72
1725808240708 0.0011 0
1725808241318 0.1075 9
1725808241914 0.2139 18
1725808242482 0.3203 27
1725808243066 0.4268 36
1725808243629 0.5332 45
1725808244243 0.6396 54
1725808244851 0.7459 63
1725808245457 0.8521 72
1725808246042 0.9586 81
1725808246423 0.0011 0
1725808247023 0.1075 10
1725808247593 0.2142 20
1725808248179 0.3208 30
1725808248826 0.4272 40
1725808249478 0.5338 50
1725808250055 0.6401 60
1725808250639 0.7463 70
1725808251229 0.8528 80
1725808251803 0.9592 90
1725808252194 0.0011 0
1725808252865 0.1073 11
1725808253468 0.2137 22
1725808254045 0.3203 33
1725808254621 0.4266 44
1725808255217 0.5329 55
1725808255801 0.639 66
1725808256390 0.7454 77
1725808257019 0.8516 88
1725808257588 0.958 99
