1725808200109 2.3102 0
1725808200815 0.375 2
1725808201410 0.1 4
1725808202018 0.0771 6
1725808202622 0.0701 8
1725808203180 0.2743 10
1725808203790 0.0897 12
1725808204435 0.0555 14
1725808205047 0.12 16
1725808205659 0.0192 18
1725808206065 0.0555 0
1725808206651 0.082 3
1725808207199 0.0371 6
1725808207767 0.0279 9
1725808208431 0.1643 12
1725808209068 0.0742 15
1725808209647 0.0098 18
1725808210263 0.0174 21
1725808210816 0.0393 24
1725808211392 0.0358 27
1725808211765 0.128 0
1725808212390 0.0588 4
1725808212995 0.0065 8
1725808213596 0.0179 12
1725808214227 0.0959 16
1725808214884 0.0136 20
1725808215532 0.0956 24
1725808216256 0.0527 28
1725808216960 0.0105 32
1725808217611 0.0713 36
1725808218009 0.0317 0
1725808218681 0.0025 5
1725808219316 0.2217 10
1725808219876 0.0052 15
1725808220508 0.0087 20
1725808221161 0.0787 25
1725808221743 0.0017 30
1725808222314 0.1778 35
1725808222877 0.0217 40
1725808223408 0.0017 45
1725808223775 0.0266 0
1725808224371 0.0124 6
1725808224978 0.001 12
1725808225513 0.0044 18
1725808226081 0.0085 24
1725808226661 0.0175 30
1725808227266 0.0058 36
1725808227819 0.0038 42
1725808228480 0.0061 48
1725808229130 0.0371 54
1725808229483 0.0258 0
1725808230048 0.005 7
1725808230637 0.0 14
1725808231178 0.0297 21
1725808231732 0.0143 28
1725808232332 0.0007 35
1725808232955 0.0202 42
1725808233523 0.0021 49
1725808234098 0.0013 56
1725808234662 0.0135 63
1725808234999 0.0002 0
1725808235573 0.0005 8
1725808236139 0.0345 16
1725808236765 0.0073 24
1725808237327 0.0012 32
1725808237873 0.0179 40
1725808238420 0.0038 48
1725808239015 0.0195 56
1725808239556 0.0028 64
1725808240130 0.0148 72
1725808240707 0.0005 0
1725808241316 0.0007 9
1725808241914 0.0718 18
1725808242482 0.0054 27
1725808243066 0.0001 36
1725808243628 0.0003 45
1725808244242 0.0001 54
1725808244850 0.0024 63
1725808245456 0.0008 72
1725808246042 0.0044 81
1725808246422 0.0008 0
1725808247022 0.0004 10
1725808247592 0.0042 20
1725808248179 0.0002 30
1725808248825 0.0052 40
1725808249477 0.0631 50
1725808250054 0.0021 60
1725808250638 0.0006 70
1725808251228 0.0077 80
1725808251802 0.0004 90
1725808252193 0.0002 0
1725808252864 0.0014 11
1725808253467 0.0012 22
1725808254044 0.0005 33
1725808254620 0.0338 44
1725808255217 0.0027 55
1725808255800 0.0001 66
1725808256389 0.0008 77
1725808257018 0.0009 88
1725808257587 0.0 99
