1725808720650 0.0001 0
1725808721264 0.0894 2
1725808721873 0.1911 4
1725808722480 0.2936 6
1725808723066 0.3971 8
1725808723610 0.501 10
1725808724118 0.6052 12
1725808724992 0.7096 14
1725808725658 0.8141 16
1725808726144 0.9187 18
1725808726460 0.0011 0
1725808727079 0.1061 3
1725808727543 0.2115 6
1725808727983 0.3167 9
1725808728371 0.422 12
1725808728825 0.5271 15
1725808729273 0.6325 18
1725808729692 0.7377 21
1725808730091 0.8426 24
1725808730502 0.9481 27
1725808730867 0.001 0
1725808731555 0.1067 4
1725808732135 0.2127 8
1725808732703 0.3186 12
1725808733246 0.4243 16
1725808733856 0.5299 20
1725808734422 0.6355 24
1725808734992 0.7411 28
1725808735619 0.8468 32
1725808736171 0.9524 36
1725808736530 0.0011 0
1725808737115 0.107 5
1725808737760 0.213 10
1725808738350 0.319 15
1725808738944 0.425 20
1725808739495 0.5309 25
1725808740092 0.6367 30
1725808740611 0.7426 35
1725808741177 0.8486 40
1725808741743 0.9546 45
1725808742109 0.001 0
1725808742682 0.1072 6
1725808743227 0.2132 12
1725808743775 0.3193 18
1725808744316 0.4255 24
1725808744864 0.5316 30
1725808745462 0.6379 36
1725808746075 0.744 42
1725808746638 0.8501 48
1725808747204 0.9561 54
1725808747582 0.0011 0
1725808748104 0.1075 7
1725808748652 0.2137 14
1725808749226 0.3197 21
1725808749833 0.4257 28
1725808750449 0.5321 35
1725808751024 0.6383 42
1725808751633 0.7444 49
1725808752184 0.8507 56
1725808752737 0.9569 63
1725808753083 0.0011 0
1725808753675 0.1074 8
1725808754263 0.2137 16
1725808754785 0.3201 24
1725808755332 0.4265 32
1725808755855 0.5326 40
1725808756396 0.6387 48
1725808756969 0.7448 56
1725808757541 0.8509 64
1725808758153 0.9572 72
1725808758619 0.0011 0
1725808759241 0.1076 9
1725808759757 0.2141 18
1725808760374 0.3204 27
1725808760899 0.4267 36
1725808761470 0.5327 45
1725808762067 0.6389 54
1725808762613 0.7451 63
1725808763148 0.8514 72
1725808763669 0.9575 81
1725808764027 0.0011 0
1725808764597 0.1075 10
1725808765150 0.2139 20
1725808765703 0.3204 30
1725808766297 0.4269 40
1725808766851 0.5333 50
1725808767417 0.6398 60
1725808767962 0.746 70
1725808768527 0.8525 80
1725808769086 0.9589 90
1725808769518 0.001 0
1725808770187 0.1076 11
1725808770833 0.2141 22
1725808771456 0.3206 33
1725808771994 0.4271 44
1725808772535 0.5337 55
1725808773090 0.6401 66
1725808773667 0.7465 77
1725808774308 0.8529 88
1725808774879 0.9594 99
