1725808720648 2.3042 0
1725808721263 0.2133 2
1725808721872 0.1467 4
1725808722479 0.0417 6
1725808723065 0.0552 8
1725808723609 0.0966 10
1725808724117 0.0238 12
1725808724991 0.0656 14
1725808725658 0.0074 16
1725808726143 0.012 18
1725808726459 0.0115 0
1725808727078 0.1556 3
1725808727543 0.0301 6
1725808727982 0.164 9
1725808728370 0.0119 12
1725808728824 0.0127 15
1725808729272 0.0513 18
1725808729691 0.0119 21
1725808730090 0.0191 24
1725808730501 0.0362 27
1725808730866 0.0548 0
1725808731555 0.0042 4
1725808732134 0.0349 8
1725808732703 0.0019 12
1725808733246 0.1207 16
1725808733855 0.0484 20
1725808734421 0.0932 24
1725808734991 0.0171 28
1725808735617 0.0021 32
1725808736170 0.0274 36
1725808736529 0.0011 0
1725808737114 0.0049 5
1725808737760 0.0024 10
1725808738348 0.0205 15
1725808738943 0.0256 20
1725808739494 0.0226 25
1725808740092 0.0642 30
1725808740610 0.0135 35
1725808741177 0.0278 40
1725808741742 0.0341 45
1725808742108 0.0177 0
1725808742681 0.0024 6
1725808743227 0.0132 12
1725808743774 0.0003 18
1725808744315 0.0171 24
1725808744864 0.002 30
1725808745461 0.0014 36
1725808746074 0.0013 42
1725808746637 0.0247 48
1725808747200 0.031 54
1725808747581 0.0015 0
1725808748103 0.0013 7
1725808748651 0.0164 14
1725808749226 0.0104 21
1725808749833 0.0015 28
1725808750448 0.0091 35
1725808751023 0.0024 42
1725808751632 0.0123 49
1725808752183 0.0002 56
1725808752736 0.0537 63
1725808753082 0.0068 0
1725808753675 0.0002 8
1725808754262 0.0024 16
1725808754784 0.0029 24
1725808755332 0.0095 32
1725808755853 0.0009 40
1725808756396 0.0098 48
1725808756968 0.0014 56
1725808757539 0.0037 64
1725808758151 0.0335 72
1725808758618 0.0002 0
1725808759240 0.0014 9
1725808759756 0.0047 18
1725808760373 0.0005 27
1725808760898 0.0214 36
1725808761470 0.024 45
1725808762066 0.0908 54
1725808762613 0.0088 63
1725808763147 0.0001 72
1725808763668 0.0037 81
1725808764026 0.003 0
1725808764596 0.0349 10
1725808765149 0.0006 20
1725808765702 0.0001 30
1725808766296 0.0014 40
1725808766850 0.0016 50
1725808767416 0.0013 60
1725808767961 0.0003 70
1725808768525 0.0006 80
1725808769085 0.0009 90
1725808769517 0.0468 0
1725808770185 0.0003 11
1725808770832 0.0037 22
1725808771456 0.0028 33
1725808771993 0.0 44
1725808772535 0.0015 55
1725808773090 0.0002 66
1725808773666 0.0003 77
1725808774306 0.0005 88
1725808774878 0.0 99
