1725808511624 0.0001 0
1725808512318 0.0893 2
1725808512930 0.1906 4
1725808513566 0.2937 6
1725808514251 0.3973 8
1725808514990 0.5011 10
1725808515652 0.6056 12
1725808516392 0.7101 14
1725808517054 0.8149 16
1725808517746 0.9194 18
1725808518136 0.001 0
1725808518790 0.1061 3
1725808519384 0.2112 6
1725808520057 0.3163 9
1725808520787 0.4213 12
1725808521424 0.5265 15
1725808522065 0.6317 18
1725808522680 0.7371 21
1725808523288 0.8422 24
1725808523974 0.9477 27
1725808524394 0.0011 0
1725808525020 0.1069 4
1725808525668 0.2128 8
1725808526244 0.3185 12
1725808526816 0.424 16
1725808527385 0.5299 20
1725808527986 0.6357 24
1725808528611 0.7411 28
1725808529191 0.8466 32
1725808529792 0.9522 36
1725808530176 0.0011 0
1725808530749 0.1071 5
1725808531330 0.213 10
1725808531934 0.3189 15
1725808532593 0.4247 20
1725808533248 0.5308 25
1725808533876 0.6369 30
1725808534483 0.7426 35
1725808535056 0.8485 40
1725808535659 0.9543 45
1725808536044 0.0011 0
1725808536706 0.1072 6
1725808537357 0.2133 12
1725808537966 0.3194 18
1725808538580 0.4254 24
1725808539211 0.5314 30
1725808539808 0.6376 36
1725808540480 0.7438 42
1725808541144 0.8496 48
1725808541748 0.9556 54
1725808542143 0.0011 0
1725808542725 0.1073 7
1725808543282 0.2137 14
1725808543856 0.3201 21
1725808544512 0.4264 28
1725808545109 0.5327 35
1725808545743 0.6389 42
1725808546338 0.7451 49
1725808546937 0.8512 56
1725808547503 0.9573 63
1725808547862 0.0011 0
1725808548517 0.1075 8
1725808549146 0.2138 16
1725808549726 0.3199 24
1725808550332 0.4261 32
1725808550914 0.5323 40
1725808551488 0.6386 48
1725808552076 0.7447 56
1725808552691 0.8507 64
1725808553294 0.9569 72
1725808553821 0.001 0
1725808554445 0.1075 9
1725808555045 0.2137 18
1725808555669 0.3199 27
1725808556327 0.4263 36
1725808556992 0.5328 45
1725808557573 0.639 54
1725808558169 0.7453 63
1725808558740 0.8517 72
1725808559303 0.9579 81
1725808559670 0.001 0
1725808560288 0.1076 10
1725808560940 0.2142 20
1725808561554 0.3206 30
1725808562184 0.427 40
1725808562785 0.5333 50
1725808563393 0.6397 60
1725808563985 0.7461 70
1725808564653 0.8525 80
1725808565239 0.9588 90
1725808565625 0.0011 0
1725808566215 0.1075 11
1725808566803 0.214 22
1725808567397 0.3204 33
1725808567998 0.4267 44
1725808568643 0.5331 55
1725808569334 0.6396 66
1725808569964 0.746 77
1725808570565 0.8524 88
1725808571149 0.9587 99
