1725808511623 2.3132 0
1725808512316 0.2943 2
1725808512929 0.162 4
1725808513565 0.1902 6
1725808514250 0.0213 8
1725808514989 0.1434 10
1725808515651 0.1068 12
1725808516391 0.0716 14
1725808517053 0.0928 16
1725808517746 0.0215 18
1725808518135 0.0246 0
1725808518789 0.0914 3
1725808519383 0.0149 6
1725808520056 0.0289 9
1725808520786 0.0704 12
1725808521423 0.1017 15
1725808522064 0.0078 18
1725808522680 0.0113 21
1725808523287 0.0913 24
1725808523973 0.0835 27
1725808524393 0.0031 0
1725808525018 0.0742 4
1725808525667 0.0283 8
1725808526243 0.0458 12
1725808526814 0.0959 16
1725808527384 0.0142 20
1725808527986 0.0105 24
1725808528610 0.0141 28
1725808529190 0.0544 32
1725808529791 0.0056 36
1725808530174 0.0021 0
1725808530748 0.0055 5
1725808531329 0.0051 10
1725808531934 0.0007 15
1725808532592 0.0024 20
1725808533246 0.0014 25
1725808533875 0.0103 30
1725808534481 0.0186 35
1725808535055 0.0768 40
1725808535658 0.0329 45
1725808536043 0.0014 0
1725808536705 0.0025 6
1725808537356 0.0117 12
1725808537964 0.0006 18
1725808538578 0.0103 24
1725808539210 0.0003 30
1725808539807 0.0561 36
1725808540479 0.0191 42
1725808541143 0.0016 48
1725808541748 0.0006 54
1725808542142 0.0002 0
1725808542724 0.0033 7
1725808543281 0.0004 14
1725808543855 0.0253 21
1725808544511 0.0031 28
1725808545108 0.0008 35
1725808545742 0.003 42
1725808546337 0.0208 49
1725808546936 0.0608 56
1725808547503 0.0064 63
1725808547861 0.0003 0
1725808548516 0.0005 8
1725808549145 0.0005 16
1725808549725 0.0007 24
1725808550331 0.0002 32
1725808550913 0.0089 40
1725808551487 0.0159 48
1725808552075 0.0085 56
1725808552690 0.0045 64
1725808553293 0.0032 72
1725808553818 0.0662 0
1725808554444 0.0017 9
1725808555044 0.0004 18
1725808555668 0.0019 27
1725808556326 0.0 36
1725808556992 0.0002 45
1725808557572 0.013 54
1725808558169 0.0075 63
1725808558740 0.0 72
1725808559303 0.0227 81
1725808559669 0.0237 0
1725808560287 0.0004 10
1725808560939 0.0004 20
1725808561553 0.0007 30
1725808562182 0.0038 40
1725808562785 0.011 50
1725808563391 0.0224 60
1725808563984 0.0016 70
1725808564652 0.0001 80
1725808565238 0.0255 90
1725808565623 0.0009 0
1725808566214 0.0001 11
1725808566802 0.0 22
1725808567396 0.0014 33
1725808567997 0.0009 44
1725808568640 0.0009 55
1725808569333 0.0027 66
1725808569963 0.0002 77
1725808570564 0.0002 88
1725808571149 0.0001 99
