1725808892999 0.0 0
1725808893562 0.0895 2
1725808894078 0.1903 4
1725808894624 0.2933 6
1725808895211 0.3971 8
1725808895793 0.5011 10
1725808896301 0.6054 12
1725808896855 0.7097 14
1725808897411 0.8142 16
1725808897958 0.9193 18
1725808898318 0.001 0
1725808898877 0.1065 3
1725808899440 0.2117 6
1725808900036 0.3168 9
1725808900577 0.4224 12
1725808901137 0.5272 15
1725808901679 0.6326 18
1725808902224 0.7378 21
1725808902796 0.8432 24
1725808903447 0.9485 27
1725808903852 0.0011 0
1725808904468 0.1069 4
1725808905032 0.2124 8
1725808905588 0.3183 12
1725808906174 0.4238 16
1725808906721 0.5295 20
1725808907324 0.6352 24
1725808907935 0.7408 28
1725808908520 0.8465 32
1725808909079 0.952 36
1725808909455 0.001 0
1725808910035 0.107 5
1725808910601 0.213 10
1725808911209 0.3189 15
1725808911838 0.4248 20
1725808912417 0.5307 25
1725808912991 0.6364 30
1725808913602 0.7422 35
1725808914189 0.848 40
1725808914752 0.9541 45
1725808915102 0.0011 0
1725808915727 0.1071 6
1725808916349 0.2134 12
1725808916952 0.3195 18
1725808917529 0.4258 24
1725808918114 0.5321 30
1725808918684 0.6382 36
1725808919273 0.7441 42
1725808919912 0.85 48
1725808920506 0.9561 54
1725808920852 0.0011 0
1725808921430 0.1073 7
1725808922002 0.2137 14
1725808922610 0.32 21
1725808923181 0.4263 28
1725808923812 0.5325 35
1725808924376 0.6388 42
1725808924904 0.7449 49
1725808925449 0.8511 56
1725808925988 0.9573 63
1725808926352 0.0011 0
1725808926898 0.1072 8
1725808927480 0.2136 16
1725808928057 0.3199 24
1725808928654 0.4261 32
1725808929194 0.5324 40
1725808929772 0.6383 48
1725808930350 0.7444 56
1725808930905 0.8505 64
1725808931503 0.9567 72
1725808932009 0.0011 0
1725808932589 0.1074 9
1725808933155 0.2138 18
1725808933789 0.3203 27
1725808934356 0.4266 36
1725808934992 0.5331 45
1725808935640 0.6395 54
1725808936268 0.7458 63
1725808936839 0.852 72
1725808937450 0.9581 81
1725808937823 0.001 0
1725808938425 0.1074 10
1725808938995 0.2137 20
1725808939632 0.32 30
1725808940224 0.4263 40
1725808940789 0.5327 50
1725808941380 0.6391 60
1725808941945 0.7453 70
1725808942519 0.8516 80
1725808943116 0.958 90
1725808943502 0.0011 0
1725808944162 0.1076 11
1725808944725 0.2141 22
1725808945304 0.3203 33
1725808945884 0.4266 44
1725808946513 0.5331 55
1725808947094 0.6395 66
1725808947723 0.746 77
1725808948325 0.8524 88
1725808948917 0.9588 99
