1725808892997 2.304 0
1725808893561 0.2517 2
1725808894077 0.0967 4
1725808894623 0.0679 6
1725808895210 0.2835 8
1725808895792 0.0505 10
1725808896300 0.0927 12
1725808896854 0.0559 14
1725808897410 0.0655 16
1725808897957 0.0036 18
1725808898317 0.05 0
1725808898876 0.0063 3
1725808899439 0.1083 6
1725808900034 0.0486 9
1725808900576 0.0115 12
1725808901136 0.0132 15
1725808901678 0.0155 18
1725808902223 0.0219 21
1725808902795 0.0458 24
1725808903447 0.0029 27
1725808903851 0.0116 0
1725808904467 0.0082 4
1725808905031 0.4708 8
1725808905587 0.03 12
1725808906173 0.0029 16
1725808906721 0.0115 20
1725808907323 0.1056 24
1725808907934 0.0275 28
1725808908519 0.0361 32
1725808909079 0.0552 36
1725808909454 0.043 0
1725808910034 0.0086 5
1725808910600 0.0026 10
1725808911208 0.025 15
1725808911837 0.0049 20
1725808912416 0.0111 25
1725808912990 0.0219 30
1725808913602 0.0037 35
1725808914189 0.0236 40
1725808914752 0.0025 45
1725808915101 0.0026 0
1725808915725 0.0031 6
1725808916348 0.0017 12
1725808916951 0.0692 18
1725808917528 0.0021 24
1725808918113 0.0258 30
1725808918683 0.0917 36
1725808919272 0.0045 42
1725808919911 0.0027 48
1725808920505 0.0003 54
1725808920851 0.0095 0
1725808921429 0.0238 7
1725808922002 0.0023 14
1725808922610 0.0191 21
1725808923181 0.0045 28
1725808923811 0.0062 35
1725808924376 0.0059 42
1725808924903 0.0097 49
1725808925449 0.0775 56
1725808925987 0.0134 63
1725808926351 0.0002 0
1725808926897 0.0016 8
1725808927479 0.0001 16
1725808928056 0.0069 24
1725808928653 0.0072 32
1725808929192 0.0039 40
1725808929772 0.0206 48
1725808930349 0.0013 56
1725808930904 0.001 64
1725808931502 0.0002 72
1725808932008 0.0027 0
1725808932588 0.0111 9
1725808933154 0.0074 18
1725808933788 0.0498 27
1725808934356 0.0006 36
1725808934991 0.0003 45
1725808935640 0.0017 54
1725808936267 0.0011 63
1725808936838 0.0019 72
1725808937450 0.0006 81
1725808937822 0.0212 0
1725808938424 0.0014 10
1725808938994 0.0023 20
1725808939631 0.0053 30
1725808940224 0.0001 40
1725808940789 0.0001 50
1725808941379 0.0013 60
1725808941944 0.0002 70
1725808942518 0.0012 80
1725808943115 0.0006 90
1725808943502 0.0015 0
1725808944162 0.0043 11
1725808944724 0.0001 22
1725808945303 0.0131 33
1725808945883 0.0 44
1725808946511 0.0024 55
1725808947093 0.0 66
1725808947722 0.0004 77
1725808948324 0.0002 88
1725808948917 0.0101 99
